.Random.seed <-
c(10403L, 10L, 848159277L, 1997205735L, -958807538L, 1074946024L, 
-906198549L, 13939337L, -317830632L, -2140905146L, 879693729L, 
342802995L, -1721565278L, -1707607404L, 315855127L, -1514754291L, 
252159524L, 1774407178L, -1134520459L, -693665073L, 1360713174L, 
-1476019840L, -19287613L, 1225017185L, -1168810544L, -1954550482L, 
-769704743L, -1968933141L, 823964506L, -2119621348L, -1487653857L, 
1900476533L, -1351170804L, -1585305374L, -1072913987L, 229385783L, 
-1338868514L, -1426470888L, -1498474629L, 478951193L, 636496808L, 
-208307370L, 1406567377L, 1370843011L, 278393362L, -414464604L, 
2116657511L, -1722175811L, 300873268L, -335065702L, -1663698459L, 
-807074433L, 682142982L, -1315711344L, -805871821L, 2075548881L, 
-1284512128L, -534425762L, -858231639L, -2067955877L, 1410577770L, 
-714303476L, 1285304399L, -1450587899L, -2077351492L, -2023496558L, 
-487866483L, 286590919L, -1909384018L, 1114819848L, 185887499L, 
155616745L, 1894544056L, -690973338L, 412413441L, 1329477779L, 
1857610562L, -1103414028L, -779925257L, -864599827L, 1226843012L, 
-1626980950L, -1149287659L, -1579376209L, 2042765750L, 636647392L, 
311867171L, -69859263L, 962052912L, -1983313586L, 1644092345L, 
92417483L, 1580056186L, 374436732L, -1764680769L, -29096811L, 
-1230673236L, 1529661570L, -410851235L, 341704535L, 699449918L, 
-1014389128L, -573045413L, 1443988665L, -181949176L, 224636854L, 
-988850959L, 1317057315L, -138836622L, 1271832516L, -18855033L, 
-1417103011L, 1038604116L, -1073607302L, -96511803L, -1003714017L, 
-1341981274L, -79958224L, -1021499949L, 142046193L, -38730464L, 
1220596670L, -107291703L, -1204454533L, 941271370L, -202054228L, 
378482863L, 1368058469L, 466874908L, -1177940878L, -99265811L, 
-698155225L, -1239123122L, 187560872L, -286607445L, 991945929L, 
1857377496L, -1486141050L, -911777695L, 289599987L, 676069474L, 
-279619884L, 1218293719L, -977756723L, -1791919772L, -767177398L, 
-1375974219L, 765500431L, 482620694L, -988745792L, 854879107L, 
825076129L, -38660720L, 1816315502L, -1546903527L, -2014847829L, 
-1158332262L, -869015460L, 1171139935L, 1912776501L, 1054333644L, 
-2134026206L, 2090332797L, -127232137L, 769697950L, 1313716056L, 
-1712749893L, 962727001L, -2000226328L, 1150272022L, 1548846481L, 
881065539L, 691744082L, -1448635932L, -1469870041L, 963157117L, 
3694964L, -1148310182L, 1864240037L, 65739711L, -1067677626L, 
-423819568L, 603689203L, 2077820433L, -1967325120L, -1479752674L, 
889189097L, -1353824229L, 563724330L, -1796340916L, 1084117263L, 
-288496571L, -1135860228L, -931216302L, 99681741L, -934217849L, 
363389550L, 2072179272L, -414145461L, -1199729239L, 1070852344L, 
299912230L, -1109390015L, 1863817939L, 213058178L, -1299371852L, 
746203191L, -1408984275L, -130887612L, 774765930L, -738473515L, 
2036817775L, -1517312394L, 1611524512L, 1652764259L, -1040623871L, 
1374963312L, -480910834L, 947415673L, -311167477L, -1990809798L, 
370277948L, -596007553L, 286394069L, -148912404L, 1698912322L, 
1022099357L, 951021079L, -1243499650L, -1284858188L, 111564818L, 
1797115872L, 1792203724L, 402101728L, 1925904930L, 1084040488L, 
-347824884L, -1612417476L, 980273394L, 1255548656L, -906113212L, 
-660371880L, -1173902790L, -181080336L, 1399519420L, 730638868L, 
-2091832126L, -2088801184L, -1859003012L, 2059446480L, 529832994L, 
725161640L, -567055476L, 2094499260L, -442190798L, -1739714752L, 
-701569868L, 7282504L, 948372154L, 1386163984L, -178834196L, 
1143356500L, 810311442L, 87437216L, -75811892L, 388418400L, 845325506L, 
-91152856L, -265265748L, -1385668L, 586049394L, -163332304L, 
-1114569180L, -943907784L, -830506790L, -779768432L, -9233668L, 
1373463444L, -14774462L, -1206921728L, -1955979716L, 656245328L, 
605466274L, 415476552L, -1942679028L, 1861826780L, -512869806L, 
-995903360L, -1297341612L, -811205144L, -739188998L, 201964368L, 
-1786835924L, 441780596L, 304899730L, 1996549728L, 2050262668L, 
-4655264L, 104329954L, -32104280L, -217891636L, -228974084L, 
112539570L, -1259300368L, -1850993212L, 2061013848L, -1195016326L, 
-274332240L, -423465540L, 1747766356L, -851976254L, -1935255776L, 
981758908L, -7852464L, -2074105374L, -1605253784L, -2007136948L, 
-471573252L, 1468134130L, -108156160L, 1967849076L, 530119688L, 
-747648582L, 486566864L, 1139590636L, 1634537364L, 916365010L, 
-1823102368L, -226503348L, 2109165856L, 895710850L, 129820136L, 
1815817196L, 1794337340L, 1973388914L, 229833584L, 27654436L, 
351418936L, -501745254L, -277307952L, -1161318980L, 1493574804L, 
-369229694L, 1144370624L, -810617028L, 532498576L, 828480290L, 
759665160L, 1480966412L, 1873242524L, -1725175278L, -984096896L, 
-1359949036L, -1504138968L, 1470951482L, -1260145712L, -115308948L, 
1307558452L, -706181486L, 954887520L, 1280475468L, 1529517024L, 
1537270178L, -2045435480L, -1128989044L, 1976878524L, 1239515762L, 
-1979270160L, -1231672764L, -621080488L, -931052486L, 1835392112L, 
-337542084L, 2102078740L, 807154370L, -703994144L, -1152127876L, 
-311799088L, 70869410L, 863368232L, 1171207948L, 1468716476L, 
-2125953230L, 1045556928L, -757770188L, -230658360L, 2108774586L, 
-1854700912L, -1207630100L, -1584586156L, -1427095918L, -558385888L, 
2038496716L, 1713573600L, 440646850L, 423824424L, 1436189612L, 
-2125519172L, 1277179890L, -2044403152L, -340984924L, 1352824248L, 
1705416538L, -880396144L, -738039940L, -1957169900L, 794751298L, 
1825389824L, -1864973892L, -299365040L, 2039888162L, 225149512L, 
-1801982964L, -2064825764L, -754158126L, -479797760L, -1128197804L, 
-98413336L, -722691846L, 1503724240L, -1929687252L, -293753612L, 
-894499438L, -722159264L, 1279854604L, 2047396064L, -1810143646L, 
-632893272L, 1128622156L, 1365849980L, 1488694578L, -568615312L, 
-282982588L, -270922792L, -1750904966L, 1052644400L, 1166303164L, 
2080455252L, 1772970050L, 181532320L, 754354876L, -134654000L, 
-731178654L, -897959192L, -909290292L, -1255872004L, -334446094L, 
1310351488L, 945339892L, 1234533000L, 178820922L, 296323408L, 
453855340L, -832567916L, 896089170L, 1084973536L, -2129846464L, 
-1075929943L, 1330053403L, -68217108L, 533515002L, -1850002641L, 
2027264825L, 867450190L, -486622308L, -69029619L, 432345975L, 
1700120448L, -1953770018L, 335653547L, -214874707L, -839337446L, 
1280408792L, 486588737L, -1965647373L, 1545367572L, 1530017186L, 
-1742409033L, 816274561L, 915778694L, 1618397380L, 1463690741L, 
-393924513L, 1798523576L, 371389334L, -1614528093L, 1667687781L, 
1385927810L, 212721136L, -1118180455L, 1577020811L, 834840700L, 
950352554L, -623643425L, -1718336919L, 67354750L, -1722771348L, 
-2147213123L, -1004564089L, 1417545072L, -1500954610L, 212163899L, 
-1611562467L, 259692234L, 857883112L, 1000134353L, -412228925L, 
1098353092L, 621370994L, -1424351417L, 247258897L, 1684804246L, 
2052724724L, 123683205L, -549700401L, 1466394056L, -1659577242L, 
316832403L, 2024792565L, 2046970834L, 191893536L, -1116317175L, 
1249813307L, -699357556L, -1550701798L, -2000552561L, -663211303L, 
93195630L, -459034372L, -57959827L, -96590313L, 1402061792L, 
471936958L, 11812235L, -578302451L, 401564218L, 946309752L, 1899758113L, 
-1323213613L, -1891750924L, -165454718L, 2024178967L, -1547471903L, 
1461654822L, -1906396124L, -874631467L, -586233217L, -421147880L, 
1346064950L, 240047299L, 2111334661L, -1659871070L, 2020746896L, 
-207936967L, -1089447189L, 1521798108L, 174804490L, -1536175873L, 
816973129L, -843016482L, 1790434444L, -966128547L, 1308889703L, 
-188179568L, 1599492014L, 425692763L, -1872567747L, 57369770L, 
782787912L, 1095260529L, 1959907043L, 721167844L, 1390356754L, 
-1336638233L, 388203185L, -419514122L, 452137748L, 2034523173L, 
-57341649L, 191082216L, -653706298L, -1525481869L, -1283886891L, 
1441946290L, 1854526080L, 1420341865L, 470173403L, -297225684L, 
1500064314L, -1204964113L, -1989744775L, 572759054L, 2127786460L, 
-44211635L, -664399433L, 1707765568L, -694446562L, 1206575339L, 
604999789L, 250632410L, 710883480L, -1129455871L, -95460173L, 
691851220L, -628098334L, -912921737L, 1795847873L, -2039665082L, 
