.Random.seed <-
c(10403L, 10L, 148394487L, 1182572318L, 1186922968L, -713000133L, 
-690631463L, -506724248L, 1053549974L, -1976656623L, -1766281533L, 
1868377810L, 1239594852L, -1955059033L, -2092108803L, -1894677004L, 
972260058L, -378866651L, 2077342015L, -281936186L, 1007588176L, 
788818803L, -1793884783L, 1498259392L, -177522274L, -970939543L, 
-1297385573L, -1807163734L, 1055160524L, 1958660495L, -1698185787L, 
438624636L, -1819528750L, -294187699L, 914223111L, -2016894994L, 
-1655413048L, 788470219L, 1572736041L, 1346378360L, 550651814L, 
-495857215L, -1294350765L, -783135486L, 1781808180L, 1799298487L, 
1213559213L, -1692986684L, 936462058L, -383080107L, -151994641L, 
-597492490L, 323136544L, -1446351389L, 983797377L, 1475750128L, 
667035534L, -1489757959L, -477216117L, 2105524922L, 1643228604L, 
1071175423L, -864085419L, 1907907948L, 1758746050L, 1368053277L, 
-703312233L, 2136885246L, 689427384L, 1822445467L, -310274567L, 
-1204939448L, 2084233334L, -1573548623L, 1356346339L, -674828110L, 
-2098668284L, -1184809401L, 1421134109L, 1072842644L, 1629457210L, 
-1439737979L, 416875615L, 782028518L, -123341456L, -770425197L, 
1181108017L, 898874848L, -298112386L, -1422444279L, 1793547067L, 
1952248586L, -73213204L, 1973589871L, -400631643L, 933335644L, 
28631602L, -115816147L, 582684647L, -1718372594L, 199502056L, 
560954091L, -1773857911L, -1293258984L, 2035323462L, -1410985311L, 
387192115L, 1934257314L, 1702265748L, -862938601L, -2052465139L, 
1807416100L, 937748234L, -397301131L, -1233692209L, 1688445654L, 
1297122944L, -1763276605L, 273507937L, -1221345584L, -1811257298L, 
611081689L, 1974600171L, 73925722L, -510788068L, 118378271L, 
-2142493835L, 398232076L, 1342573538L, -883345219L, 444147511L, 
187609054L, 321592600L, -1302810501L, -2047400423L, -1341157720L, 
-1471071146L, -1993598767L, -643119997L, -1935939822L, 1724449444L, 
1457966695L, 1805795261L, 66826548L, 2142122650L, 673329381L, 
256143999L, 65256454L, -882454640L, 962802227L, 1545071057L, 
-700925056L, 544962142L, -1385681495L, -862716837L, 341501034L, 
1431936268L, -238321841L, 124615685L, 129344188L, -799476846L, 
-407359347L, -1605007673L, -1811361874L, -359400952L, -1258242549L, 
641464041L, 121967032L, -1261851034L, -954619135L, -1360724589L, 
-1112467902L, -736785932L, 481686519L, -379385875L, -1000611708L, 
1648293546L, -224285675L, 611294383L, 1006391990L, -464318240L, 
-1116431325L, 2141299521L, -1573474768L, 1656458318L, -478018375L, 
579502283L, -219157126L, -1733480324L, -1361013569L, 38560149L, 
-453350996L, 1611447170L, 1316028765L, 444350551L, -1794009282L, 
-723984520L, -952372133L, 1437959097L, 1516257800L, -885036874L, 
-1704243215L, -2095842781L, -396561806L, -89134908L, -2057601401L, 
1702377053L, 1820350548L, 343583354L, -1141927483L, -180108513L, 
-1124307290L, -1574797264L, -1426709805L, 67623153L, 2064868384L, 
-1840536898L, -1618639159L, 2028029051L, -1935869366L, 777404076L, 
-1622836817L, -607366811L, 249331484L, -748559502L, 1097162733L, 
888770599L, -1937668018L, -6968152L, 1088781970L, -1128776928L, 
1524805068L, 1750801376L, -639139134L, 2141084200L, 312254124L, 
2108666556L, -1241034254L, -1901049552L, 1524255908L, 391824056L, 
-513299622L, 2126794128L, 147140988L, 334564628L, 2054187330L, 
547226368L, 334633916L, -15369392L, -1564720862L, -94462648L, 
-671549428L, 1838184540L, -709319470L, 312707072L, 1011710804L, 
-676797976L, -1438803974L, -1785440560L, -2101451476L, 1608730868L, 
99665810L, 1975336032L, -585007860L, -1677490464L, 357588322L, 
-620084568L, 230578764L, 8107900L, -1907168462L, 1920515696L, 
1689894212L, -362480680L, 75927674L, 1810196016L, 706841276L, 
1890314068L, -643802558L, 561687456L, 932595900L, 40903120L, 
398099810L, -529361944L, 1229207500L, 508360444L, -299249678L, 
-626844544L, 693262580L, -757566328L, -1435572934L, -1922972848L, 
2115226732L, -221020012L, -1802888878L, -581910816L, 1990111436L, 
-349341536L, -315000446L, 1169438952L, 1692268780L, 2127935548L, 
1603420274L, 1958979696L, -656342492L, 1496695352L, 1071303194L, 
-2034487088L, 427013692L, 1508625556L, 392041602L, -327891008L, 
-825889476L, 258465424L, 751907874L, -733409272L, -422601588L, 
1645035548L, 2085749906L, -1449759616L, -526490604L, -1998216408L, 
-1977633734L, -722588464L, 1430312044L, 1151350452L, 1187479570L, 
1536737248L, 1096985548L, -35381792L, -1575285726L, 2101663016L, 
1696921868L, 790105660L, 647873778L, -695854864L, 158111556L, 
1834553432L, -1192467910L, -1523595024L, 473031356L, 30198292L, 
-1574499134L, -1877354912L, 1037739388L, 159425744L, 823858210L, 
1718806696L, -561914484L, -2099297860L, 1216038962L, -1582722240L, 
-1437425996L, -462024376L, -145206598L, -1740529904L, 1373774060L, 
1453701204L, 1414186770L, -264814176L, 460548044L, 213589856L, 
-2107716414L, 131993128L, -1819203156L, 1070457660L, -662731918L, 
32608048L, 1474502692L, -351248840L, 1275409114L, -1825966192L, 
116987132L, -1895273068L, 2063385410L, -1916270080L, -564541380L, 
-555523504L, 1003872418L, 1971282760L, 25983500L, 1051171548L, 
-1996705710L, -1923675008L, 1957578580L, 1261150184L, 452621050L, 
-234494128L, -107248596L, 1760102772L, -628765038L, 969622112L, 
-1082609524L, 650072416L, 1649653986L, -1077564248L, -1530939700L, 
409827836L, -1973670990L, 1170047984L, -1615625788L, -1892434600L, 
-1665207942L, 59273648L, 1512073660L, 906403412L, 1436793282L, 
-1053203680L, -130427972L, 347746384L, 90676194L, 1627438952L, 
1901672268L, 295333628L, 1354360562L, 511024384L, -1033954188L, 
2077855240L, 1905862074L, 1738417616L, 1320331244L, -446305388L, 
824281298L, 1238660192L, -219009716L, 785896224L, 265341570L, 
-765046296L, -1048765460L, 151522876L, -2016180622L, 563145584L, 
-1453970140L, 1874598456L, 2085503386L, -638390832L, 1093518780L, 
361803412L, -1177193854L, 1220210112L, -1847863492L, 1826407056L, 
2032740130L, -1016576504L, -391027956L, 2128090012L, 742448146L, 
1192831872L, 74214164L, 1518679336L, -1512619974L, -80120880L, 
-1704854932L, -686470092L, 1376907410L, 1077582176L, -577315508L, 
-1031599655L, -472586421L, -836571716L, 1183464938L, 1117571615L, 
770072745L, -1806415810L, 1698621740L, 110314365L, -431171129L, 
-180265808L, 58153678L, 702025723L, 786438237L, -896753782L, 
1814548392L, -1428052719L, 391535619L, -38758652L, -1191290062L, 
335223175L, -2061795375L, 350318934L, 346828596L, 1905939013L, 
873987727L, -95225848L, -1860334554L, 815744211L, -1343732171L, 
1756167570L, 931365216L, -1784047415L, 2062957563L, 1379613644L, 
-2050116006L, -1626825905L, -1620684263L, -861556690L, 1570995772L, 
1699427245L, 268762199L, -760022624L, -408296706L, -853265973L, 
660895693L, -798262534L, 692379960L, 1854884577L, 2015690131L, 
-545233484L, 53475010L, -2146494761L, -1411459295L, -1921593626L, 
958973924L, 1710290709L, -1488031937L, -375420200L, -1630376202L, 
1921763587L, -1270539707L, -578315678L, -1124238896L, 973645561L, 
-694455253L, -102845540L, -674698294L, 1267508415L, 311674377L, 
-1408446690L, 552187596L, -682568035L, 499262247L, 877612368L, 
1750348782L, -799081317L, -1861953795L, -929653270L, 1271262856L, 
-962717647L, -1698159965L, 1166142116L, 1264794450L, -1467919705L, 
-1926648079L, 1155776054L, 672178900L, -463440283L, -1820040081L, 
1245879976L, -607142906L, 1214859571L, -1358916203L, -1700808206L, 
1526347328L, -19130455L, 119773723L, -1330891796L, -1574480902L, 
325410863L, 1887227961L, -1895652786L, 624894620L, -187193331L, 
-748784521L, -935533440L, 692138718L, 41853355L, -1460135251L, 
-655982822L, 793567192L, 1750559809L, -1700144397L, -1461543660L, 
185002146L, -875780681L, 731756929L, 660963206L, -301322812L, 
-124646155L, -1765300897L, 1095092152L, -2009634154L, 298357923L, 
-106680731L, -2003985534L, 258496752L, -1280622439L, -539862901L, 
-677609092L, 1822982058L, 1466875871L, 1760963945L, 985010558L, 
2009842028L, 528529853L, 700279431L, -1675710864L, -1978927858L, 
-1023256005L, -2084560611L, -566012982L, -1512534808L, -1513639983L, 
-1144274493L, 964127428L, -1686935182L, -1294535609L, 563910673L, 
